MD5Version 10
commandline "This file has been generated from the DNF MD5 exporter by Justin Marshall"

numFrames 31
numJoints 33
frameRate 24
numAnimatedComponents 9

hierarchy {
	"ROOT"	-1 0 0
	"ABDOMEN"	0 0 0
	"CHEST"	1 0 0
	"BICEP_L"	2 0 0
	"FOREARM_L"	3 0 0
	"HAND_L"	4 0 0
	"FOREFING_L"	5 0 0
	"FOREFINGTIP_L"	6 0 0
	"MIDFING_L"	5 0 0
	"MIDFINGTIP_L"	8 0 0
	"THUMB_L"	5 0 0
	"THUMBTIP_L"	10 0 0
	"BICEP_R"	2 0 0
	"FOREARM_R"	12 0 0
	"HAND_R"	13 0 0
	"FOREFING_R"	14 0 0
	"FOREFINGTIP_R"	15 0 0
	"MIDFING_R"	14 0 0
	"MIDFINGTIP_R"	17 0 0
	"THUMB_R"	14 0 0
	"THUMBTIP_R"	19 0 0
	"NECK"	2 0 0
	"HEAD"	21 0 0
	"JAW"	22 56 0
	"pupil_L"	22 56 3
	"pupil_R"	22 56 6
	"PELVIS"	0 0 9
	"THIGH_L"	26 0 9
	"SHIN_L"	27 0 9
	"FOOT_L"	28 0 9
	"THIGH_R"	26 0 9
	"SHIN_R"	30 0 9
	"FOOT_R"	31 0 9
}

bounds {
	( -200 -200 -200 ) ( 200 200 200 )
	( -200 -200 -200 ) ( 200 200 200 )
	( -200 -200 -200 ) ( 200 200 200 )
	( -200 -200 -200 ) ( 200 200 200 )
	( -200 -200 -200 ) ( 200 200 200 )
	( -200 -200 -200 ) ( 200 200 200 )
	( -200 -200 -200 ) ( 200 200 200 )
	( -200 -200 -200 ) ( 200 200 200 )
	( -200 -200 -200 ) ( 200 200 200 )
	( -200 -200 -200 ) ( 200 200 200 )
	( -200 -200 -200 ) ( 200 200 200 )
	( -200 -200 -200 ) ( 200 200 200 )
	( -200 -200 -200 ) ( 200 200 200 )
	( -200 -200 -200 ) ( 200 200 200 )
	( -200 -200 -200 ) ( 200 200 200 )
	( -200 -200 -200 ) ( 200 200 200 )
	( -200 -200 -200 ) ( 200 200 200 )
	( -200 -200 -200 ) ( 200 200 200 )
	( -200 -200 -200 ) ( 200 200 200 )
	( -200 -200 -200 ) ( 200 200 200 )
	( -200 -200 -200 ) ( 200 200 200 )
	( -200 -200 -200 ) ( 200 200 200 )
	( -200 -200 -200 ) ( 200 200 200 )
	( -200 -200 -200 ) ( 200 200 200 )
	( -200 -200 -200 ) ( 200 200 200 )
	( -200 -200 -200 ) ( 200 200 200 )
	( -200 -200 -200 ) ( 200 200 200 )
	( -200 -200 -200 ) ( 200 200 200 )
	( -200 -200 -200 ) ( 200 200 200 )
	( -200 -200 -200 ) ( 200 200 200 )
	( -200 -200 -200 ) ( 200 200 200 )
}

baseframe {
	( -0.029437 6.674192 40.309696 ) ( 0.000000 0.000000 0.000000 )
	( -0.064603 9.650699 6.286554 ) ( 0.000000 0.000000 0.000000 )
	( 0.040016 8.840899 2.527625 ) ( 0.000000 0.000000 0.000000 )
	( 9.398225 8.653797 -1.020140 ) ( 0.000000 0.000000 0.000000 )
	( 12.923239 0.161560 -0.689905 ) ( 0.000000 0.000000 0.000000 )
	( 11.678611 0.540239 0.076160 ) ( 0.000000 0.000000 0.000000 )
	( 4.000144 -0.494689 -0.908940 ) ( 0.000000 0.000000 0.000000 )
	( 2.103933 -0.122867 -0.117555 ) ( 0.000000 0.000000 0.000000 )
	( 3.812736 -0.541798 1.044515 ) ( 0.000000 0.000000 0.000000 )
	( 2.262115 -0.137212 0.055030 ) ( 0.000000 0.000000 0.000000 )
	( 2.766895 -0.989734 -2.415435 ) ( 0.000000 0.000000 0.000000 )
	( 1.182735 -0.012745 -1.216990 ) ( 0.000000 0.000000 0.000000 )
	( -9.513616 8.782695 -0.774590 ) ( 0.000000 0.000000 0.000000 )
	( -12.609308 0.046317 -0.938014 ) ( 0.000000 0.000000 0.000000 )
	( -11.582134 0.296356 0.109382 ) ( 0.000000 0.000000 0.000000 )
	( -4.369385 -0.338419 -0.993754 ) ( 0.000000 0.000000 0.000000 )
	( -1.916577 -0.057981 -0.060557 ) ( 0.000000 0.000000 0.000000 )
	( -4.175772 -0.445185 0.903502 ) ( 0.000000 0.000000 0.000000 )
	( -2.283714 -0.090595 0.054260 ) ( 0.000000 0.000000 0.000000 )
	( -2.961851 -0.572079 -2.392078 ) ( 0.000000 0.000000 0.000000 )
	( -1.369001 -0.158826 -1.186240 ) ( 0.000000 0.000000 0.000000 )
	( 0.013812 8.671695 0.512600 ) ( 0.000000 0.000000 0.000000 )
	( 0.045131 5.767196 -1.750548 ) ( 0.000000 0.000000 0.000000 )
	( -0.024350 -1.106994 -3.358062 ) ( 0.000000 0.000000 0.000000 )
	( 0.352207 -0.124496 -3.563842 ) ( 0.000000 0.000000 0.000000 )
	( -0.380224 -0.147896 -3.561322 ) ( 0.000000 0.000000 0.000000 )
	( 0.033445 5.185699 6.681336 ) ( 0.000000 0.000000 0.000000 )
	( 5.006392 -4.042697 -0.177932 ) ( 0.000000 0.000000 0.000000 )
	( 0.079976 -18.820698 -0.602584 ) ( 0.000000 0.000000 0.000000 )
	( -0.160064 -17.344658 2.933959 ) ( 0.000000 0.000000 0.000000 )
	( -5.069148 -4.020599 -0.180924 ) ( 0.000000 0.000000 0.000000 )
	( -0.087665 -18.844397 -0.587610 ) ( 0.000000 0.000000 0.000000 )
	( 0.428777 -17.408827 2.948507 ) ( 0.000000 0.000000 0.000000 )
}

frame 0 {
	 -0.017496 0.000000 0.000000
	 -0.008725 0.000574 -0.000187
	 -0.008725 0.000574 -0.000187
}

frame 1 {
	 -0.017496 0.000000 0.000000
	 -0.008725 0.000574 -0.000187
	 -0.008725 0.000574 -0.000187
}

frame 2 {
	 -0.017496 0.000000 0.000000
	 -0.008725 0.000574 -0.000187
	 -0.008725 0.000574 -0.000187
}

frame 3 {
	 -0.017496 -0.000048 -0.000001
	 -0.008725 0.000574 -0.000187
	 -0.008725 0.000574 -0.000187
}

frame 4 {
	 -0.017496 -0.000048 -0.000001
	 -0.008725 0.000574 -0.000187
	 -0.008725 0.000574 -0.000187
}

frame 5 {
	 -0.017496 0.000000 0.000000
	 -0.008725 0.000574 -0.000187
	 -0.008725 0.000574 -0.000187
}

frame 6 {
	 -0.017496 -0.000049 -0.000049
	 -0.008725 0.000574 -0.000187
	 -0.008725 0.000574 -0.000187
}

frame 7 {
	 -0.017496 -0.000048 -0.000001
	 -0.008725 0.000574 -0.000187
	 -0.008725 0.000574 -0.000187
}

frame 8 {
	 -0.017496 0.000000 0.000000
	 -0.008725 0.000574 -0.000187
	 -0.008725 0.000574 -0.000187
}

frame 9 {
	 -0.017496 -0.000048 -0.000001
	 -0.008725 0.000574 -0.000187
	 -0.008725 0.000574 -0.000187
}

frame 10 {
	 -0.017496 -0.000049 -0.000049
	 -0.008725 0.000574 -0.000187
	 -0.008725 0.000574 -0.000187
}

frame 11 {
	 -0.017496 0.000000 0.000000
	 -0.008725 0.000574 -0.000187
	 -0.008725 0.000574 -0.000187
}

frame 12 {
	 -0.017496 -0.000001 -0.000048
	 -0.008725 0.000574 -0.000187
	 -0.008725 0.000574 -0.000187
}

frame 13 {
	 -0.017496 -0.000049 -0.000049
	 -0.008725 0.000574 -0.000187
	 -0.008725 0.000574 -0.000187
}

frame 14 {
	 -0.017496 -0.000001 -0.000048
	 -0.008725 0.000574 -0.000187
	 -0.008725 0.000574 -0.000187
}

frame 15 {
	 -0.017496 -0.000048 -0.000001
	 -0.008725 0.000574 -0.000187
	 -0.008725 0.000574 -0.000187
}

frame 16 {
	 -0.017496 -0.000048 -0.000001
	 -0.008725 0.000574 -0.000187
	 -0.008725 0.000574 -0.000187
}

frame 17 {
	 -0.017496 0.000000 0.000000
	 -0.008725 0.000574 -0.000187
	 -0.008725 0.000574 -0.000187
}

frame 18 {
	 -0.017496 -0.000049 -0.000049
	 -0.008725 0.000574 -0.000187
	 -0.008725 0.000574 -0.000187
}

frame 19 {
	 -0.017496 -0.000048 -0.000001
	 -0.008725 0.000574 -0.000187
	 -0.008725 0.000574 -0.000187
}

frame 20 {
	 -0.017496 -0.000001 -0.000048
	 -0.008725 0.000574 -0.000187
	 -0.008725 0.000574 -0.000187
}

frame 21 {
	 -0.017496 0.000000 0.000000
	 -0.008725 0.000574 -0.000187
	 -0.008725 0.000574 -0.000187
}

frame 22 {
	 -0.017496 0.000000 0.000000
	 -0.008725 0.000574 -0.000187
	 -0.008725 0.000574 -0.000187
}

frame 23 {
	 -0.017496 -0.000049 -0.000049
	 -0.008725 0.000574 -0.000187
	 -0.008725 0.000574 -0.000187
}

frame 24 {
	 -0.017496 -0.000049 -0.000049
	 -0.008725 0.000574 -0.000187
	 -0.008725 0.000574 -0.000187
}

frame 25 {
	 -0.017496 -0.000048 -0.000001
	 -0.008725 0.000574 -0.000187
	 -0.008725 0.000574 -0.000187
}

frame 26 {
	 -0.017496 -0.000001 -0.000048
	 -0.008725 0.000574 -0.000187
	 -0.008725 0.000574 -0.000187
}

frame 27 {
	 -0.017496 -0.000048 -0.000001
	 -0.008725 0.000574 -0.000187
	 -0.008725 0.000574 -0.000187
}

frame 28 {
	 -0.017496 -0.000048 -0.000001
	 -0.008725 0.000574 -0.000187
	 -0.008725 0.000574 -0.000187
}

frame 29 {
	 -0.017496 -0.000049 -0.000049
	 -0.008725 0.000574 -0.000187
	 -0.008725 0.000574 -0.000187
}

frame 30 {
	 -0.017496 0.000000 0.000000
	 -0.008725 0.000574 -0.000187
	 -0.008725 0.000574 -0.000187
}
